   9.5000948e-01
   9.5410800e-01
   9.5667739e-01
   9.5916352e-01
   9.6178276e-01
   9.6454379e-01
   9.6741653e-01
   9.7036639e-01
   9.7336345e-01
   9.7638512e-01
   9.7941612e-01
   9.8244737e-01
   9.8547434e-01
   9.8849549e-01
   9.9151105e-01
   9.9452201e-01
   9.9752961e-01
   1.0005350e+00
   1.0035390e+00
   1.0065425e+00
   1.0095458e+00
   1.0125495e+00
   1.0155538e+00
   1.0185590e+00
   1.0215655e+00
   1.0245733e+00
   1.0275827e+00
   1.0305935e+00
   1.0336058e+00
   1.0366192e+00
   1.0396334e+00
   1.0426481e+00
   1.0456627e+00
   1.0486767e+00
   1.0516894e+00
   1.0547002e+00
   1.0577087e+00
   1.0607141e+00
   1.0637161e+00
   1.0667140e+00
   1.0697073e+00
   1.0726958e+00
   1.0756789e+00
   1.0786562e+00
   1.0816274e+00
   1.0845921e+00
   1.0875498e+00
   1.0905003e+00
   1.0934431e+00
   1.0963777e+00
   1.0993039e+00
   1.1022211e+00
   1.1051289e+00
   1.1080268e+00
   1.1109145e+00
   1.1137914e+00
   1.1166571e+00
   1.1195112e+00
   1.1223531e+00
   1.1251825e+00
   1.1279988e+00
   1.1308022e+00
   1.1335920e+00
   1.1363671e+00
   1.1391271e+00
   1.1418716e+00
   1.1446004e+00
   1.1473131e+00
   1.1500095e+00
   1.1526893e+00
   1.1553519e+00
   1.1579970e+00
   1.1606241e+00
   1.1632329e+00
   1.1658230e+00
   1.1683939e+00
   1.1709452e+00
   1.1734767e+00
   1.1759879e+00
   1.1784784e+00
   1.1809481e+00
   1.1833964e+00
   1.1858231e+00
   1.1882280e+00
   1.1906105e+00
   1.1929706e+00
   1.1953078e+00
   1.1976219e+00
   1.1999125e+00
   1.2021796e+00
   1.2044227e+00
   1.2066416e+00
   1.2088361e+00
   1.2110061e+00
   1.2131511e+00
   1.2152712e+00
   1.2173660e+00
   1.2194354e+00
   1.2214793e+00
   1.2234974e+00
   1.2254896e+00
   1.2274558e+00
   1.2293958e+00
   1.2313097e+00
   1.2331971e+00
   1.2350582e+00
   1.2368927e+00
   1.2387007e+00
   1.2404821e+00
   1.2422368e+00
   1.2439649e+00
   1.2456663e+00
   1.2473411e+00
   1.2489892e+00
   1.2506106e+00
   1.2522055e+00
   1.2537738e+00
   1.2553157e+00
   1.2568311e+00
   1.2583203e+00
   1.2597833e+00
   1.2612201e+00
   1.2626310e+00
   1.2640161e+00
   1.2653755e+00
   1.2667094e+00
   1.2680179e+00
   1.2693013e+00
   1.2705597e+00
   1.2717933e+00
   1.2730023e+00
   1.2741870e+00
   1.2753476e+00
   1.2764843e+00
   1.2775973e+00
   1.2786870e+00
   1.2797536e+00
   1.2807974e+00
   1.2818186e+00
   1.2828176e+00
   1.2837946e+00
   1.2847499e+00
   1.2856839e+00
   1.2865968e+00
   1.2874890e+00
   1.2883608e+00
   1.2892126e+00
   1.2900446e+00
   1.2908572e+00
   1.2916507e+00
   1.2924256e+00
   1.2931821e+00
   1.2939205e+00
   1.2946414e+00
   1.2953449e+00
   1.2960314e+00
   1.2967014e+00
   1.2973552e+00
   1.2979930e+00
   1.2986154e+00
   1.2992226e+00
   1.2998142e+00
   1.3003907e+00
   1.3009533e+00
   1.3015029e+00
   1.3020398e+00
   1.3025644e+00
   1.3030765e+00
   1.3035765e+00
   1.3040642e+00
   1.3045400e+00
   1.3050042e+00
   1.3054571e+00
   1.3058992e+00
   1.3063308e+00
   1.3067523e+00
   1.3071643e+00
   1.3075669e+00
   1.3079606e+00
   1.3083457e+00
   1.3087224e+00
   1.3090911e+00
   1.3094518e+00
   1.3098051e+00
   1.3101510e+00
   1.3104899e+00
   1.3108220e+00
   1.3111477e+00
   1.3114672e+00
   1.3117807e+00
   1.3120886e+00
   1.3123911e+00
   1.3126885e+00
   1.3129809e+00
   1.3132686e+00
   1.3135519e+00
   1.3138310e+00
   1.3141060e+00
   1.3143772e+00
   1.3146449e+00
   1.3149092e+00
   1.3151703e+00
   1.3154285e+00
   1.3156839e+00
   1.3159367e+00
   1.3161872e+00
   1.3164354e+00
   1.3166817e+00
   1.3169261e+00
   1.3171688e+00
   1.3174100e+00
   1.3176499e+00
   1.3178886e+00
   1.3181263e+00
   1.3183632e+00
   1.3185993e+00
   1.3188349e+00
   1.3190700e+00
   1.3193049e+00
   1.3195397e+00
   1.3197744e+00
   1.3200093e+00
   1.3202444e+00
   1.3204799e+00
   1.3207159e+00
   1.3209525e+00
   1.3211898e+00
   1.3214280e+00
   1.3216671e+00
   1.3219072e+00
   1.3221485e+00
   1.3223910e+00
   1.3226348e+00
   1.3228800e+00
   1.3231268e+00
   1.3233751e+00
   1.3236250e+00
   1.3238766e+00
   1.3241301e+00
   1.3243854e+00
   1.3246426e+00
   1.3249017e+00
   1.3251629e+00
   1.3254261e+00
   1.3256915e+00
   1.3259590e+00
   1.3262287e+00
   1.3265007e+00
   1.3267749e+00
   1.3270514e+00
   1.3273302e+00
   1.3276113e+00
   1.3278948e+00
   1.3281806e+00
   1.3284689e+00
   1.3287595e+00
   1.3290525e+00
   1.3293479e+00
   1.3296457e+00
   1.3299459e+00
   1.3302485e+00
   1.3305535e+00
   1.3308608e+00
   1.3311705e+00
   1.3314826e+00
   1.3317970e+00
   1.3321137e+00
   1.3324326e+00
   1.3327539e+00
   1.3330773e+00
   1.3334030e+00
   1.3337309e+00
   1.3340609e+00
   1.3343930e+00
   1.3347271e+00
   1.3350634e+00
   1.3354016e+00
   1.3357417e+00
   1.3360838e+00
   1.3364277e+00
   1.3367735e+00
   1.3371210e+00
   1.3374702e+00
   1.3378211e+00
   1.3381737e+00
   1.3385278e+00
   1.3388835e+00
   1.3392406e+00
   1.3395991e+00
   1.3399590e+00
   1.3403203e+00
   1.3406827e+00
   1.3410464e+00
   1.3414112e+00
   1.3417771e+00
   1.3421441e+00
   1.3425120e+00
   1.3428809e+00
   1.3432507e+00
   1.3436212e+00
   1.3439926e+00
   1.3443647e+00
   1.3447374e+00
   1.3451108e+00
   1.3454847e+00
   1.3458592e+00
   1.3462341e+00
   1.3466095e+00
   1.3469852e+00
   1.3473612e+00
   1.3477375e+00
   1.3481141e+00
   1.3484908e+00
   1.3488677e+00
   1.3492447e+00
   1.3496218e+00
   1.3499989e+00
   1.3503760e+00
   1.3507530e+00
   1.3511299e+00
   1.3515067e+00
   1.3518834e+00
   1.3522598e+00
   1.3526360e+00
   1.3530119e+00
   1.3533876e+00
   1.3537629e+00
   1.3541378e+00
   1.3545124e+00
   1.3548865e+00
   1.3552602e+00
   1.3556335e+00
   1.3560062e+00
   1.3563784e+00
   1.3567501e+00
   1.3571212e+00
   1.3574917e+00
   1.3578615e+00
   1.3582308e+00
   1.3585994e+00
   1.3589673e+00
   1.3593345e+00
   1.3597010e+00
   1.3600668e+00
   1.3604318e+00
   1.3607961e+00
   1.3611596e+00
   1.3615224e+00
   1.3618843e+00
   1.3622454e+00
   1.3626057e+00
   1.3629651e+00
   1.3633237e+00
   1.3636814e+00
   1.3640382e+00
   1.3643942e+00
   1.3647492e+00
   1.3651033e+00
   1.3654566e+00
   1.3658089e+00
   1.3661602e+00
   1.3665118e+00
   1.3668638e+00
   1.3672152e+00
   1.3675650e+00
   1.3679128e+00
   1.3682583e+00
   1.3686016e+00
   1.3689430e+00
   1.3692829e+00
   1.3696218e+00
   1.3699600e+00
   1.3702979e+00
   1.3706356e+00
   1.3709733e+00
   1.3713108e+00
   1.3716479e+00
   1.3719842e+00
   1.3723197e+00
   1.3726539e+00
   1.3729867e+00
   1.3733180e+00
   1.3736478e+00
   1.3739761e+00
   1.3743031e+00
   1.3746289e+00
   1.3749536e+00
   1.3752776e+00
   1.3756008e+00
   1.3759233e+00
   1.3762450e+00
   1.3765661e+00
   1.3768864e+00
   1.3772057e+00
   1.3775241e+00
   1.3778414e+00
   1.3781575e+00
   1.3784725e+00
   1.3787863e+00
   1.3790990e+00
   1.3794105e+00
   1.3797210e+00
   1.3800306e+00
   1.3803392e+00
   1.3806469e+00
   1.3809538e+00
   1.3812598e+00
   1.3815650e+00
   1.3818693e+00
   1.3821727e+00
   1.3824751e+00
   1.3827765e+00
   1.3830770e+00
   1.3833764e+00
   1.3836748e+00
   1.3839723e+00
   1.3842687e+00
   1.3845642e+00
   1.3848587e+00
   1.3851524e+00
   1.3854451e+00
   1.3857371e+00
   1.3860281e+00
   1.3863183e+00
   1.3866076e+00
   1.3868960e+00
   1.3871836e+00
   1.3874702e+00
   1.3877560e+00
   1.3880408e+00
   1.3883247e+00
   1.3886077e+00
   1.3888898e+00
   1.3891711e+00
   1.3894515e+00
   1.3897310e+00
   1.3900097e+00
   1.3902876e+00
   1.3905646e+00
   1.3908409e+00
   1.3911163e+00
   1.3913908e+00
   1.3916646e+00
   1.3919375e+00
   1.3922096e+00
   1.3924809e+00
   1.3927514e+00
   1.3930210e+00
   1.3932898e+00
   1.3935578e+00
   1.3938251e+00
   1.3940915e+00
   1.3943571e+00
   1.3946220e+00
   1.3948861e+00
   1.3951494e+00
   1.3954120e+00
   1.3956738e+00
   1.3959349e+00
   1.3961952e+00
   1.3964547e+00
   1.3967135e+00
   1.3969716e+00
   1.3972289e+00
   1.3974854e+00
   1.3977412e+00
   1.3979963e+00
   1.3982507e+00
   1.3985043e+00
   1.3987572e+00
   1.3990094e+00
   1.3992609e+00
   1.3995117e+00
   1.3997618e+00
   1.4000113e+00
   1.4002600e+00
   1.4005080e+00
   1.4007553e+00
   1.4010020e+00
   1.4012479e+00
   1.4014932e+00
   1.4017378e+00
   1.4019818e+00
   1.4022250e+00
   1.4024676e+00
   1.4027096e+00
   1.4029509e+00
   1.4031916e+00
   1.4034316e+00
   1.4036709e+00
   1.4039097e+00
   1.4041478e+00
   1.4043852e+00
   1.4046220e+00
   1.4048583e+00
   1.4050938e+00
   1.4053288e+00
   1.4055631e+00
   1.4057968e+00
   1.4060299e+00
   1.4062624e+00
   1.4064943e+00
   1.4067256e+00
   1.4069563e+00
   1.4071864e+00
   1.4074159e+00
   1.4076449e+00
   1.4078733e+00
   1.4081010e+00
   1.4083282e+00
   1.4085548e+00
   1.4087809e+00
   1.4090063e+00
   1.4092312e+00
   1.4094555e+00
   1.4096793e+00
   1.4099025e+00
   1.4101252e+00
   1.4103473e+00
   1.4105689e+00
   1.4107899e+00
   1.4110104e+00
   1.4112303e+00
   1.4114498e+00
   1.4116686e+00
   1.4118870e+00
   1.4121048e+00
   1.4123220e+00
   1.4125388e+00
   1.4127550e+00
   1.4129707e+00
   1.4131859e+00
   1.4134006e+00
   1.4136148e+00
   1.4138284e+00
   1.4140416e+00
   1.4142542e+00
   1.4144664e+00
   1.4146780e+00
   1.4148892e+00
   1.4150999e+00
   1.4153101e+00
   1.4155197e+00
   1.4157289e+00
   1.4159376e+00
   1.4161459e+00
   1.4163536e+00
   1.4165609e+00
   1.4167677e+00
   1.4169741e+00
   1.4171799e+00
   1.4173853e+00
   1.4175902e+00
   1.4177947e+00
   1.4179987e+00
   1.4182023e+00
   1.4184054e+00
   1.4186080e+00
   1.4188102e+00
   1.4190119e+00
   1.4192132e+00
   1.4194140e+00
   1.4196144e+00
   1.4198144e+00
   1.4200139e+00
   1.4202129e+00
   1.4204116e+00
   1.4206098e+00
   1.4208075e+00
   1.4210049e+00
   1.4212018e+00
   1.4213982e+00
   1.4215943e+00
   1.4217900e+00
   1.4219852e+00
   1.4221800e+00
   1.4223744e+00
   1.4225684e+00
   1.4227620e+00
   1.4229551e+00
   1.4231478e+00
   1.4233402e+00
   1.4235321e+00
   1.4237236e+00
   1.4239147e+00
   1.4241054e+00
   1.4242957e+00
   1.4244856e+00
   1.4246751e+00
   1.4248642e+00
   1.4250530e+00
   1.4252413e+00
   1.4254293e+00
   1.4256169e+00
   1.4258041e+00
   1.4259909e+00
   1.4261773e+00
   1.4263633e+00
   1.4265490e+00
   1.4267342e+00
   1.4269191e+00
   1.4271036e+00
   1.4272878e+00
   1.4274716e+00
   1.4276550e+00
   1.4278380e+00
   1.4280207e+00
   1.4282030e+00
   1.4283850e+00
   1.4285666e+00
   1.4287478e+00
   1.4289286e+00
   1.4291091e+00
   1.4292893e+00
   1.4294691e+00
   1.4296485e+00
   1.4298276e+00
   1.4300063e+00
   1.4301846e+00
   1.4303627e+00
   1.4305403e+00
   1.4307177e+00
   1.4308946e+00
   1.4310713e+00
   1.4312476e+00
   1.4314235e+00
   1.4315992e+00
   1.4317745e+00
   1.4319494e+00
   1.4321240e+00
   1.4322983e+00
   1.4324723e+00
   1.4326459e+00
   1.4328192e+00
   1.4329921e+00
   1.4331647e+00
   1.4333370e+00
   1.4335089e+00
   1.4336805e+00
   1.4338518e+00
   1.4340228e+00
   1.4341934e+00
   1.4343637e+00
   1.4345337e+00
   1.4347035e+00
   1.4348729e+00
   1.4350420e+00
   1.4352107e+00
   1.4353792e+00
   1.4355473e+00
   1.4357152e+00
   1.4358827e+00
   1.4360498e+00
   1.4362167e+00
   1.4363833e+00
   1.4365495e+00
   1.4367154e+00
   1.4368811e+00
   1.4370464e+00
   1.4372114e+00
   1.4373762e+00
   1.4375406e+00
   1.4377048e+00
   1.4378687e+00
   1.4380323e+00
   1.4381955e+00
   1.4383585e+00
   1.4385211e+00
   1.4386835e+00
   1.4388456e+00
   1.4390073e+00
   1.4391688e+00
   1.4393300e+00
   1.4394908e+00
   1.4396514e+00
   1.4398118e+00
   1.4399718e+00
   1.4401316e+00
   1.4402910e+00
   1.4404502e+00
   1.4406092e+00
   1.4407678e+00
   1.4409262e+00
   1.4410842e+00
   1.4412420e+00
   1.4413995e+00
   1.4415568e+00
   1.4417137e+00
   1.4418704e+00
   1.4420267e+00
   1.4421828e+00
   1.4423387e+00
   1.4424942e+00
   1.4426495e+00
   1.4428045e+00
   1.4429592e+00
   1.4431137e+00
   1.4432679e+00
   1.4434219e+00
   1.4435756e+00
   1.4437290e+00
   1.4438822e+00
   1.4440351e+00
   1.4441877e+00
   1.4443401e+00
   1.4444922e+00
   1.4446440e+00
   1.4447956e+00
   1.4449469e+00
   1.4450979e+00
   1.4452487e+00
   1.4453992e+00
   1.4455495e+00
   1.4456994e+00
   1.4458492e+00
   1.4459987e+00
   1.4461479e+00
   1.4462969e+00
   1.4464457e+00
   1.4465942e+00
   1.4467424e+00
   1.4468904e+00
   1.4470382e+00
   1.4471857e+00
   1.4473329e+00
   1.4474799e+00
   1.4476266e+00
   1.4477731e+00
   1.4479193e+00
   1.4480653e+00
   1.4482111e+00
   1.4483566e+00
   1.4485018e+00
   1.4486468e+00
   1.4487916e+00
   1.4489361e+00
   1.4490805e+00
   1.4492245e+00
   1.4493684e+00
   1.4495120e+00
   1.4496553e+00
   1.4497984e+00
   1.4499413e+00
   1.4500839e+00
   1.4502263e+00
   1.4503684e+00
   1.4505103e+00
   1.4506520e+00
   1.4507934e+00
   1.4509346e+00
   1.4510756e+00
   1.4512163e+00
   1.4513569e+00
   1.4514972e+00
   1.4516373e+00
   1.4517771e+00
   1.4519167e+00
   1.4520561e+00
   1.4521953e+00
   1.4523342e+00
   1.4524729e+00
   1.4526099e+00
   1.4527442e+00
   1.4528772e+00
   1.4530100e+00
   1.4531433e+00
   1.4532779e+00
   1.4534143e+00
   1.4535526e+00
   1.4536927e+00
   1.4538342e+00
   1.4539767e+00
   1.4541194e+00
   1.4542618e+00
   1.4544031e+00
   1.4545428e+00
   1.4546805e+00
   1.4548160e+00
   1.4549493e+00
   1.4550807e+00
   1.4552105e+00
   1.4553392e+00
   1.4554674e+00
   1.4555958e+00
   1.4557248e+00
   1.4558549e+00
   1.4559865e+00
   1.4561195e+00
   1.4562540e+00
   1.4563896e+00
   1.4565262e+00
   1.4566630e+00
   1.4567997e+00
   1.4569357e+00
   1.4570706e+00
   1.4572041e+00
   1.4573359e+00
   1.4574660e+00
   1.4575945e+00
   1.4577217e+00
   1.4578479e+00
   1.4579735e+00
   1.4580990e+00
   1.4582249e+00
   1.4583514e+00
   1.4584789e+00
   1.4586074e+00
   1.4587371e+00
   1.4588677e+00
   1.4589991e+00
   1.4591308e+00
   1.4592625e+00
   1.4593939e+00
   1.4595245e+00
   1.4596540e+00
   1.4597823e+00
   1.4599093e+00
   1.4600349e+00
   1.4601594e+00
   1.4602829e+00
   1.4604058e+00
   1.4605284e+00
   1.4606510e+00
   1.4607740e+00
   1.4608976e+00
   1.4610220e+00
   1.4611472e+00
   1.4612732e+00
   1.4613998e+00
   1.4615268e+00
   1.4616539e+00
   1.4617809e+00
   1.4619075e+00
   1.4620333e+00
   1.4621582e+00
   1.4622820e+00
   1.4624048e+00
   1.4625265e+00
   1.4626473e+00
   1.4627675e+00
   1.4628871e+00
   1.4630067e+00
   1.4631263e+00
   1.4632463e+00
   1.4633667e+00
   1.4634878e+00
   1.4636094e+00
   1.4637317e+00
   1.4638543e+00
   1.4639772e+00
   1.4641001e+00
   1.4642227e+00
   1.4643449e+00
   1.4644665e+00
   1.4645872e+00
   1.4647071e+00
   1.4648260e+00
   1.4649442e+00
   1.4650616e+00
   1.4651785e+00
   1.4652951e+00
   1.4654116e+00
   1.4655281e+00
   1.4656449e+00
   1.4657621e+00
   1.4658798e+00
   1.4659979e+00
   1.4661164e+00
   1.4662352e+00
   1.4663542e+00
   1.4664731e+00
   1.4665917e+00
   1.4667099e+00
   1.4668276e+00
   1.4669446e+00
   1.4670609e+00
   1.4671764e+00
   1.4672912e+00
   1.4674054e+00
   1.4675192e+00
   1.4676327e+00
   1.4677461e+00
   1.4678596e+00
   1.4679732e+00
   1.4680872e+00
   1.4682015e+00
   1.4683161e+00
   1.4684310e+00
   1.4685462e+00
   1.4686614e+00
   1.4687766e+00
   1.4688915e+00
   1.4690061e+00
   1.4691202e+00
   1.4692337e+00
   1.4693466e+00
   1.4694589e+00
   1.4695706e+00
   1.4696817e+00
   1.4697925e+00
   1.4699030e+00
   1.4700134e+00
   1.4701238e+00
   1.4702343e+00
   1.4703450e+00
   1.4704560e+00
   1.4705673e+00
   1.4706788e+00
   1.4707904e+00
   1.4709022e+00
   1.4710138e+00
   1.4711254e+00
   1.4712366e+00
   1.4713474e+00
   1.4714577e+00
   1.4715674e+00
   1.4716766e+00
   1.4717853e+00
   1.4718935e+00
   1.4720014e+00
   1.4721089e+00
   1.4722164e+00
   1.4723237e+00
   1.4724312e+00
   1.4725387e+00
   1.4726465e+00
   1.4727545e+00
   1.4728627e+00
   1.4729711e+00
   1.4730795e+00
   1.4731879e+00
   1.4732962e+00
   1.4734042e+00
   1.4735119e+00
   1.4736192e+00
   1.4737260e+00
   1.4738323e+00
   1.4739381e+00
   1.4740435e+00
   1.4741485e+00
   1.4742533e+00
   1.4743578e+00
   1.4744623e+00
   1.4745667e+00
   1.4746713e+00
   1.4747760e+00
   1.4748809e+00
   1.4749859e+00
   1.4750911e+00
   1.4751964e+00
   1.4753017e+00
   1.4754068e+00
   1.4755119e+00
   1.4756166e+00
   1.4757210e+00
   1.4758250e+00
   1.4759285e+00
   1.4760316e+00
   1.4761343e+00
   1.4762366e+00
   1.4763386e+00
   1.4764404e+00
   1.4765421e+00
   1.4766437e+00
   1.4767454e+00
   1.4768471e+00
   1.4769490e+00
   1.4770510e+00
   1.4771532e+00
   1.4772554e+00
   1.4773577e+00
   1.4774599e+00
   1.4775620e+00
   1.4776640e+00
   1.4777656e+00
   1.4778669e+00
   1.4779679e+00
   1.4780684e+00
   1.4781685e+00
   1.4782682e+00
   1.4783676e+00
   1.4784668e+00
   1.4785658e+00
   1.4786647e+00
   1.4787636e+00
   1.4788625e+00
   1.4789615e+00
   1.4790606e+00
   1.4791598e+00
   1.4792592e+00
   1.4793585e+00
   1.4794579e+00
   1.4795573e+00
   1.4796565e+00
   1.4797555e+00
   1.4798542e+00
   1.4799526e+00
   1.4800506e+00
   1.4801483e+00
   1.4802457e+00
   1.4803427e+00
   1.4804394e+00
   1.4805359e+00
   1.4806322e+00
   1.4807284e+00
   1.4808246e+00
   1.4809208e+00
   1.4810171e+00
   1.4811135e+00
   1.4812100e+00
   1.4813066e+00
   1.4814033e+00
   1.4814999e+00
   1.4815964e+00
   1.4816929e+00
   1.4817891e+00
   1.4818851e+00
   1.4819808e+00
   1.4820761e+00
   1.4821712e+00
   1.4822659e+00
   1.4823603e+00
   1.4824544e+00
   1.4825483e+00
   1.4826420e+00
   1.4827357e+00
   1.4828293e+00
   1.4829229e+00
   1.4830166e+00
   1.4831103e+00
   1.4832042e+00
   1.4832982e+00
   1.4833922e+00
   1.4834862e+00
   1.4835801e+00
   1.4836740e+00
   1.4837676e+00
   1.4838610e+00
   1.4839541e+00
   1.4840469e+00
   1.4841394e+00
   1.4842316e+00
   1.4843234e+00
   1.4844150e+00
   1.4845064e+00
   1.4845976e+00
   1.4846888e+00
   1.4847799e+00
   1.4848710e+00
   1.4849622e+00
   1.4850535e+00
   1.4851449e+00
   1.4852363e+00
   1.4853278e+00
   1.4854193e+00
   1.4855107e+00
   1.4856021e+00
   1.4856932e+00
   1.4857842e+00
   1.4858748e+00
   1.4859652e+00
   1.4860553e+00
   1.4861450e+00
   1.4862345e+00
   1.4863237e+00
   1.4864127e+00
   1.4865016e+00
   1.4865903e+00
   1.4866790e+00
   1.4867678e+00
   1.4868565e+00
   1.4869454e+00
   1.4870343e+00
   1.4871233e+00
   1.4872124e+00
   1.4873014e+00
   1.4873904e+00
   1.4874794e+00
   1.4875682e+00
   1.4876568e+00
   1.4877452e+00
   1.4878332e+00
   1.4879210e+00
   1.4880085e+00
   1.4880957e+00
   1.4881827e+00
   1.4882694e+00
   1.4883560e+00
   1.4884425e+00
   1.4885289e+00
   1.4886153e+00
   1.4887017e+00
   1.4887882e+00
   1.4888747e+00
   1.4889613e+00
   1.4890480e+00
   1.4891347e+00
   1.4892214e+00
   1.4893081e+00
   1.4893946e+00
   1.4894810e+00
   1.4895672e+00
   1.4896531e+00
   1.4897387e+00
   1.4898241e+00
   1.4899092e+00
   1.4899940e+00
   1.4900786e+00
   1.4901630e+00
   1.4902473e+00
   1.4903314e+00
   1.4904156e+00
   1.4904997e+00
   1.4905839e+00
   1.4906681e+00
   1.4907524e+00
   1.4908368e+00
   1.4909213e+00
   1.4910058e+00
   1.4910902e+00
   1.4911746e+00
   1.4912588e+00
   1.4913429e+00
   1.4914268e+00
   1.4915104e+00
   1.4915938e+00
   1.4916768e+00
   1.4917596e+00
   1.4918421e+00
   1.4919244e+00
   1.4920066e+00
   1.4920886e+00
   1.4921705e+00
   1.4922525e+00
   1.4923344e+00
   1.4924165e+00
   1.4924986e+00
   1.4925808e+00
   1.4926630e+00
   1.4927454e+00
   1.4928277e+00
   1.4929100e+00
   1.4929922e+00
   1.4930743e+00
   1.4931562e+00
   1.4932379e+00
   1.4933193e+00
   1.4934004e+00
   1.4934813e+00
   1.4935619e+00
   1.4936422e+00
   1.4937224e+00
   1.4938023e+00
   1.4938822e+00
   1.4939620e+00
   1.4940418e+00
   1.4941217e+00
   1.4942016e+00
   1.4942817e+00
   1.4943618e+00
   1.4944420e+00
   1.4945222e+00
   1.4946025e+00
   1.4946827e+00
   1.4947629e+00
   1.4948429e+00
   1.4949227e+00
   1.4950023e+00
   1.4950817e+00
   1.4951607e+00
   1.4952395e+00
   1.4953180e+00
   1.4953963e+00
   1.4954743e+00
   1.4955522e+00
   1.4956301e+00
   1.4957079e+00
   1.4957856e+00
   1.4958635e+00
   1.4959414e+00
   1.4960194e+00
   1.4960975e+00
   1.4961756e+00
   1.4962539e+00
   1.4963321e+00
   1.4964104e+00
   1.4964886e+00
   1.4965666e+00
   1.4966445e+00
   1.4967221e+00
   1.4967995e+00
   1.4968766e+00
   1.4969534e+00
   1.4970300e+00
   1.4971062e+00
   1.4971823e+00
   1.4972582e+00
   1.4973341e+00
   1.4974098e+00
   1.4974856e+00
   1.4975615e+00
   1.4976374e+00
   1.4977134e+00
   1.4977896e+00
   1.4978659e+00
   1.4979422e+00
   1.4980186e+00
   1.4980950e+00
   1.4981713e+00
   1.4982474e+00
   1.4983234e+00
   1.4983992e+00
   1.4984747e+00
   1.4985499e+00
   1.4986248e+00
   1.4986994e+00
   1.4987738e+00
   1.4988480e+00
   1.4989220e+00
   1.4989959e+00
   1.4990698e+00
   1.4991436e+00
   1.4992176e+00
   1.4992916e+00
   1.4993657e+00
   1.4994400e+00
   1.4995144e+00
   1.4995889e+00
   1.4996634e+00
   1.4997380e+00
   1.4998124e+00
   1.4998868e+00
   1.4999610e+00
   1.5000350e+00
   1.5001088e+00
   1.5001822e+00
   1.5002553e+00
   1.5003282e+00
   1.5004007e+00
   1.5004731e+00
   1.5005453e+00
   1.5006174e+00
   1.5006893e+00
   1.5007613e+00
   1.5008334e+00
   1.5009056e+00
   1.5009779e+00
   1.5010503e+00
   1.5011229e+00
   1.5011956e+00
   1.5012683e+00
   1.5013411e+00
   1.5014138e+00
   1.5014865e+00
   1.5015590e+00
   1.5016313e+00
   1.5017034e+00
   1.5017751e+00
   1.5018466e+00
   1.5019178e+00
   1.5019887e+00
   1.5020593e+00
   1.5021298e+00
   1.5022001e+00
   1.5022703e+00
   1.5023405e+00
   1.5024107e+00
   1.5024810e+00
   1.5025514e+00
   1.5026220e+00
   1.5026928e+00
   1.5027636e+00
   1.5028346e+00
   1.5029057e+00
   1.5029768e+00
   1.5030479e+00
   1.5031188e+00
   1.5031895e+00
   1.5032601e+00
   1.5033303e+00
   1.5034002e+00
   1.5034699e+00
   1.5035392e+00
   1.5036082e+00
   1.5036770e+00
   1.5037456e+00
   1.5038140e+00
   1.5038824e+00
   1.5039508e+00
   1.5040193e+00
   1.5040879e+00
   1.5041567e+00
   1.5042256e+00
   1.5042948e+00
   1.5043640e+00
   1.5044335e+00
   1.5045029e+00
   1.5045724e+00
   1.5046418e+00
   1.5047111e+00
   1.5047802e+00
   1.5048490e+00
   1.5049175e+00
   1.5049856e+00
   1.5050535e+00
   1.5051210e+00
   1.5051882e+00
   1.5052552e+00
   1.5053220e+00
   1.5053887e+00
   1.5054553e+00
   1.5055220e+00
   1.5055888e+00
   1.5056558e+00
   1.5057229e+00
   1.5057903e+00
   1.5058578e+00
   1.5059256e+00
   1.5059935e+00
   1.5060614e+00
   1.5061294e+00
   1.5061972e+00
   1.5062649e+00
   1.5063324e+00
   1.5063996e+00
   1.5064665e+00
   1.5065330e+00
   1.5065991e+00
   1.5066649e+00
   1.5067304e+00
   1.5067957e+00
   1.5068607e+00
   1.5069257e+00
   1.5069906e+00
   1.5070556e+00
   1.5071208e+00
   1.5071861e+00
   1.5072517e+00
   1.5073175e+00
   1.5073835e+00
   1.5074498e+00
   1.5075162e+00
   1.5075827e+00
   1.5076492e+00
   1.5077156e+00
   1.5077818e+00
   1.5078479e+00
   1.5079135e+00
   1.5079789e+00
   1.5080438e+00
   1.5081083e+00
   1.5081725e+00
   1.5082363e+00
   1.5082999e+00
   1.5083633e+00
   1.5084265e+00
   1.5084898e+00
   1.5085531e+00
   1.5086166e+00
   1.5086804e+00
   1.5087443e+00
   1.5088086e+00
   1.5088731e+00
   1.5089379e+00
   1.5090028e+00
   1.5090679e+00
   1.5091331e+00
   1.5091981e+00
   1.5092630e+00
   1.5093277e+00
   1.5093920e+00
   1.5094559e+00
   1.5095194e+00
   1.5095825e+00
   1.5096451e+00
   1.5097074e+00
   1.5097693e+00
   1.5098311e+00
   1.5098927e+00
   1.5099543e+00
   1.5100159e+00
   1.5100777e+00
   1.5101398e+00
   1.5102022e+00
   1.5102649e+00
   1.5103280e+00
   1.5103913e+00
   1.5104549e+00
   1.5105186e+00
   1.5105825e+00
   1.5106463e+00
   1.5107099e+00
   1.5107733e+00
   1.5108364e+00
   1.5108990e+00
   1.5109612e+00
   1.5110229e+00
   1.5110842e+00
   1.5111449e+00
   1.5112053e+00
   1.5112655e+00
   1.5113254e+00
   1.5113853e+00
   1.5114452e+00
   1.5115054e+00
   1.5115658e+00
   1.5116265e+00
   1.5116876e+00
   1.5117492e+00
   1.5118111e+00
   1.5118733e+00
   1.5119359e+00
   1.5119985e+00
   1.5120612e+00
   1.5121237e+00
   1.5121861e+00
   1.5122480e+00
   1.5123095e+00
   1.5123705e+00
   1.5124310e+00
   1.5124909e+00
   1.5125503e+00
   1.5126092e+00
   1.5126678e+00
   1.5127261e+00
   1.5127843e+00
   1.5128425e+00
   1.5129009e+00
   1.5129596e+00
   1.5130186e+00
   1.5130782e+00
   1.5131382e+00
   1.5131986e+00
   1.5132595e+00
   1.5133208e+00
   1.5133823e+00
   1.5134439e+00
   1.5135054e+00
   1.5135668e+00
   1.5136278e+00
   1.5136884e+00
   1.5137484e+00
   1.5138078e+00
   1.5138665e+00
   1.5139246e+00
   1.5139822e+00
   1.5140393e+00
   1.5140960e+00
   1.5141526e+00
   1.5142091e+00
   1.5142657e+00
   1.5143226e+00
   1.5143799e+00
   1.5144377e+00
   1.5144961e+00
   1.5145550e+00
   1.5146145e+00
   1.5146744e+00
   1.5147347e+00
   1.5147952e+00
   1.5148558e+00
   1.5149163e+00
   1.5149765e+00
   1.5150363e+00
   1.5150955e+00
   1.5151541e+00
   1.5152119e+00
   1.5152691e+00
   1.5153255e+00
   1.5153813e+00
   1.5154366e+00
   1.5154916e+00
   1.5155464e+00
   1.5156013e+00
   1.5156563e+00
   1.5157117e+00
   1.5157676e+00
   1.5158241e+00
   1.5158813e+00
   1.5159392e+00
   1.5159977e+00
   1.5160567e+00
   1.5161162e+00
   1.5161759e+00
   1.5162356e+00
   1.5162952e+00
   1.5163544e+00
   1.5164131e+00
   1.5164711e+00
   1.5165283e+00
   1.5165847e+00
   1.5166402e+00
   1.5166950e+00
   1.5167490e+00
   1.5168026e+00
   1.5168558e+00
   1.5169088e+00
   1.5169619e+00
   1.5170153e+00
   1.5170692e+00
   1.5171237e+00
   1.5171789e+00
   1.5172350e+00
   1.5172918e+00
   1.5173494e+00
   1.5174077e+00
   1.5174663e+00
   1.5175253e+00
   1.5175843e+00
   1.5176431e+00
   1.5177015e+00
   1.5177593e+00
   1.5178162e+00
   1.5178723e+00
   1.5179273e+00
   1.5179813e+00
   1.5180344e+00
   1.5180867e+00
   1.5181384e+00
   1.5181898e+00
   1.5182409e+00
   1.5182922e+00
   1.5183438e+00
   1.5183960e+00
   1.5184490e+00
   1.5185029e+00
   1.5185577e+00
   1.5186136e+00
   1.5186704e+00
   1.5187279e+00
   1.5187861e+00
   1.5188445e+00
   1.5189030e+00
   1.5189613e+00
   1.5190191e+00
   1.5190761e+00
   1.5191322e+00
   1.5191872e+00
   1.5192410e+00
   1.5192937e+00
   1.5193452e+00
   1.5193957e+00
   1.5194456e+00
   1.5194949e+00
   1.5195440e+00
   1.5195933e+00
   1.5196430e+00
   1.5196934e+00
   1.5197447e+00
   1.5197971e+00
   1.5198506e+00
   1.5199054e+00
   1.5199614e+00
   1.5200183e+00
   1.5200759e+00
   1.5201340e+00
   1.5201923e+00
   1.5202503e+00
   1.5203078e+00
   1.5203645e+00
   1.5204201e+00
